(Echidna:0.10233,(((Opossum:0.13575,Bandicoot:0.11977):0.00213,
Wallaby:0.12441):0.01981,(Mouse:0.12802,((Tenrec:0.16611,
Hedgehog:0.18960):0.01205,((Elephant:0.18365,(Sloth:0.15848,
Armadillo:0.11327):0.01408):0.00704,((Aardvark:0.12545,Rabbit:0.13814):0.00569,
((Human:0.17468,Cat:0.11803):0.01096,((Tree_shrew:0.15544,
Dog:0.13323):0.00225,(Flying_fox:0.12247,(Pig:0.09575,Whale:0.12461):0.01653):0.01136):0.00334):0.00397):0.00137):0.00753):0.00560):0.01043):0.07527,Platypus:0.11524);
