   15
maize_v4    0.000000 0.101976 0.093507 0.118516 0.072214 0.090715 0.072787 0.111300 0.118814 0.115216 0.106223 0.113145 0.109957 0.100390 0.090510 
rice        0.101976 0.000000 0.083879 0.106484 0.078132 0.094197 0.085827 0.103390 0.109242 0.107633 0.096769 0.104249 0.098623 0.086397 0.081984 
wheat       0.093507 0.083879 0.000000 0.085366 0.074190 0.089645 0.075634 0.083479 0.089099 0.090199 0.068671 0.093377 0.082945 0.059293 0.064486 
soybean     0.118516 0.106484 0.085366 0.000000 0.097233 0.103388 0.100153 0.048058 0.063859 0.072166 0.112308 0.066738 0.073767 0.085636 0.086608 
maize_Mo17  0.072214 0.078132 0.074190 0.097233 0.000000 0.067852 0.036624 0.091410 0.099700 0.095999 0.087380 0.094816 0.089997 0.080561 0.068558 
maize_PH20  0.090715 0.094197 0.089645 0.103388 0.067852 0.000000 0.066450 0.097965 0.110436 0.104081 0.105263 0.102321 0.097760 0.083722 0.065485 
maize.W22.  0.072787 0.085827 0.075634 0.100153 0.036624 0.066450 0.000000 0.095414 0.101882 0.099086 0.088335 0.096299 0.094318 0.085414 0.071557 
common_bea  0.111300 0.103390 0.083479 0.048058 0.091410 0.097965 0.095414 0.000000 0.069992 0.062722 0.103728 0.056926 0.062209 0.076051 0.076591 
peanut      0.118814 0.109242 0.089099 0.063859 0.099700 0.110436 0.101882 0.069992 0.000000 0.080780 0.111732 0.079629 0.075341 0.092743 0.095307 
medicago2   0.115216 0.107633 0.090199 0.072166 0.095999 0.104081 0.099086 0.062722 0.080780 0.000000 0.108686 0.052183 0.074798 0.088753 0.085773 
barley      0.106223 0.096769 0.068671 0.112308 0.087380 0.105263 0.088335 0.103728 0.111732 0.108686 0.000000 0.110251 0.103976 0.078524 0.083888 
medicago1   0.113145 0.104249 0.093377 0.066738 0.094816 0.102321 0.096299 0.056926 0.079629 0.052183 0.110251 0.000000 0.070527 0.085686 0.080347 
cotton_pre  0.109957 0.098623 0.082945 0.073767 0.089997 0.097760 0.094318 0.062209 0.075341 0.074798 0.103976 0.070527 0.000000 0.083494 0.077815 
brachy      0.100390 0.086397 0.059293 0.085636 0.080561 0.083722 0.085414 0.076051 0.092743 0.088753 0.078524 0.085686 0.083494 0.000000 0.049246 
sorghum     0.090510 0.081984 0.064486 0.086608 0.068558 0.065485 0.071557 0.076591 0.095307 0.085773 0.083888 0.080347 0.077815 0.049246 0.000000 
