((maize_Mo17:0.01727,maize.W22:0.01935):0.00766,((rice:0.04686,
((wheat:0.02637,barley:0.04230):0.00784,(((((soybean:0.02611,
common_bea:0.02194):0.00636,(medicago2:0.02717,medicago1:0.02501):0.00815):0.00287,
peanut:0.03838):0.00224,cotton_pre:0.03381):0.01211,maize_v3:0.20488):0.00499):0.00398):0.00677,
maize_PH20:0.04058):0.00210,maize_v4:0.04653);
